1	0	6476
2	6476	14290
3	20766	14162
4	34928	793
5	35721	457
6	36178	301
7	36479	819
8	37298	1407
9	38705	827
10	39532	1483
11	41015	816
12	41831	829
13	42660	1424
14	44084	1432
15	45516	1536
17	47052	873
18	47925	1491
19	49416	876
20	50292	1499
21	51791	1402
22	53193	864
23	54057	1427
25	55484	870
26	56354	1512
27	57866	1510
28	59376	1471
29	60847	814
30	61661	833
31	62494	1429
32	63923	865
34	64788	1407
36	66195	1423
37	67618	1415
38	69033	816
39	69849	1476
40	71325	1485
41	72810	1359
42	74169	1454
43	75623	1500
44	77123	817
45	77940	1464
46	79404	1686
47	81090	1414
48	82504	1472
49	83976	1442
51	85418	1370
52	86788	1377
53	88165	881
54	89046	1515
55	90561	830
56	91391	823
57	92214	849
58	93063	812
60	93875	822
61	94697	823
62	95520	1556
63	97076	811
64	97887	1463
65	99350	1452
66	100802	828
67	101630	10030
68	111660	18613
69	130273	11785
70	142058	12157
71	154215	9377
72	163592	8846
73	172438	7151
74	179589	13993
77	193582	14204
81	207786	17984
82	225770	5011
83	230781	8052
84	238833	4647
85	243480	3500
86	246980	3937
87	250917	5048
88	255965	2251
89	258216	1889
90	260105	2505
91	262610	4305
92	266915	3299
93	270214	3171
94	273385	4250
95	277635	2810
96	280445	8385
97	288830	5955
98	294785	8267
99	303052	26668
100	329720	12008
101	341728	15362
102	357090	40215
103	397305	32908
104	430213	4951
105	435164	15289
106	450453	23279
108	473732	2565
109	476297	5105
110	481402	3704
112	485106	4824
113	489930	3711
114	493641	3290
116	496931	2813
117	499744	4463
118	504207	11832
119	516039	13905
122	529944	610
124	530554	13450
125	544004	7538
126	551542	29570
127	581112	4140
128	585252	2285
129	587537	2732
130	590269	4191
131	594460	8820
132	603280	5431
133	608711	247
134	608958	3288
135	612246	8603
136	620849	2750
137	623599	2402
138	626001	4313
139	630314	1991
140	632305	2688
141	634993	2119
142	637112	1421
143	638533	6601
144	645134	3278
145	648412	21048
146	669460	4878
147	674338	1612
148	675950	7388
149	683338	305
151	683643	6016
152	689659	4576
153	694235	5067
154	699302	2890
155	702192	1982
156	704174	10470
157	714644	2323
158	716967	4614
159	721581	7472
160	729053	5647
161	734700	6347
162	741047	5648
163	746695	7720
164	754415	10136
165	764551	11130
166	775681	13458
167	789139	2069
168	791208	896
169	792104	2429
170	794533	1847
171	796380	2741
172	799121	3317
173	802438	2008
174	804446	2383
175	806829	1670
176	808499	2390
177	810889	1684
178	812573	1675
179	814248	1341
180	815589	5119
181	820708	1527
182	822235	3560
183	825795	2318
184	828113	1307
185	829420	3632
186	833052	2159
187	835211	4701
188	839912	291
189	840203	280
190	840483	291
191	840774	304
192	841078	290
193	841368	308
194	841676	90
195	841766	90
196	841856	253
197	842109	253
198	842362	283
199	842645	242
200	842887	307
201	843194	235
202	843429	244
203	843673	226
204	843899	233
205	844132	247
206	844379	259
208	844638	220
209	844858	277
210	845135	241
212	845376	241
213	845617	238
214	845855	268
215	846123	271
216	846394	4811
217	851205	8197
218	859402	10039
219	869441	1304
220	870745	7511
221	878256	16477
223	894733	8756
224	903489	5359
226	908848	1433
227	910281	3831
228	914112	3722
229	917834	1500
230	919334	9737
231	929071	12153
232	941224	8348
236	949572	2836
237	952408	3184
238	955592	24379
239	979971	2013
240	981984	2947
241	984931	1153
243	986084	17666
245	1003750	3836
246	1007586	11147
247	1018733	12666
248	1031399	1201
249	1032600	5648
250	1038248	4151
251	1042399	5182
252	1047581	18817
253	1066398	5521
254	1071919	5422
255	1077341	17798
256	1095139	211
257	1095350	216
258	1095566	208
259	1095774	221
262	1095995	213
264	1096208	221
277	1096429	3373
278	1099802	7828
279	1107630	5370
281	1113000	5221
283	1118221	8039
286	1126260	9239
288	1135499	2258
291	1137757	6981
294	1144738	7381
295	1152119	12595
296	1164714	6378
297	1171092	9972
298	1181064	7905
299	1188969	4344
300	1193313	6784
301	1200097	6238
302	1206335	3198
303	1209533	2555
304	1212088	1586
305	1213674	4020
306	1217694	3260
307	1220954	3848
308	1224802	2989
309	1227791	28746
310	1256537	7252
311	1263789	6270
312	1270059	1765
313	1271824	1800
314	1273624	1544
315	1275168	1225
316	1276393	16357
317	1292750	5335
318	1298085	2311
319	1300396	4284
320	1304680	8604
321	1313284	12567
322	1325851	3007
323	1328858	9141
324	1337999	4458
325	1342457	12617
326	1355074	10190
327	1365264	5420
328	1370684	1959
329	1372643	6974
330	1379617	6441
331	1386058	3945
332	1390003	7844
333	1397847	14085
334	1411932	4552
335	1416484	5640
336	1422124	2125
337	1424249	4168
338	1428417	3897
339	1432314	2859
340	1435173	3130
341	1438303	9388
342	1447691	4569
343	1452260	2885
344	1455145	2381
345	1457526	9637
346	1467163	4701
347	1471864	6062
348	1477926	7133
349	1485059	5267
350	1490326	3594
351	1493920	3731
352	1497651	17363
353	1515014	2397
354	1517411	4428
355	1521839	5855
356	1527694	2495
357	1530189	6475
358	1536664	3576
359	1540240	4918
360	1545158	16104
361	1561262	2573
362	1563835	3205
363	1567040	5185
364	1572225	8957
365	1581182	7047
366	1588229	8783
367	1597012	21618
368	1618630	17851
369	1636481	5381
370	1641862	5083
371	1646945	3956
372	1650901	7029
373	1657930	5860
374	1663790	2695
375	1666485	5040
376	1671525	10050
377	1681575	4490
378	1686065	4634
379	1690699	8057
380	1698756	5598
381	1704354	2398
382	1706752	4461
383	1711213	8179
384	1719392	3923
385	1723315	11533
386	1734848	8880
387	1743728	3941
388	1747669	1901
389	1749570	3984
390	1753554	4396
391	1757950	3485
392	1761435	5497
393	1766932	15794
394	1782726	31767
395	1814493	11796
396	1826289	2816
397	1829105	3535
398	1832640	2194
399	1834834	4108
400	1838942	3571
401	1842513	2482
402	1844995	9570
403	1854565	2622
404	1857187	2927
405	1860114	4144
406	1864258	3559
407	1867817	2897
408	1870714	13620
409	1884334	3387
410	1887721	978
411	1888699	3023
412	1891722	4320
413	1896042	3243
414	1899285	9880
415	1909165	7694
