1	0	6476
2	6476	14290
3	20766	14162
4	34928	793
5	35721	457
6	36178	301
7	36479	819
8	37298	1407
9	38705	827
10	39532	1483
11	41015	816
12	41831	829
13	42660	1424
14	44084	1432
15	45516	1536
16	47052	1547
17	48599	873
18	49472	1491
19	50963	876
20	51839	1499
21	53338	1402
22	54740	864
23	55604	1427
24	57031	865
25	57896	870
26	58766	1512
27	60278	1510
28	61788	1471
29	63259	814
30	64073	833
31	64906	1429
32	66335	865
33	67200	1425
34	68625	1407
35	70032	1441
36	71473	1423
37	72896	1415
38	74311	816
39	75127	1476
40	76603	1485
41	78088	1359
42	79447	1454
43	80901	1500
44	82401	817
45	83218	1464
46	84682	1686
47	86368	1414
48	87782	1472
49	89254	1442
50	90696	1430
51	92126	1370
52	93496	1377
53	94873	881
54	95754	1515
55	97269	830
56	98099	823
57	98922	849
58	99771	812
59	100583	1534
60	102117	822
61	102939	823
62	103762	1556
63	105318	811
64	106129	1463
65	107592	1452
66	109044	828
67	109872	10030
68	119902	18613
69	138515	11785
70	150300	12157
71	162457	9377
72	171834	8846
73	180680	7151
74	187831	13993
75	201824	16552
76	218376	14698
77	233074	14204
78	247278	21573
79	268851	21130
80	289981	15194
81	305175	17984
82	323159	5011
83	328170	8052
84	336222	4647
85	340869	3500
86	344369	3937
87	348306	5048
88	353354	2251
89	355605	1889
90	357494	2505
91	359999	4305
92	364304	3299
93	367603	3171
94	370774	4250
95	375024	2810
96	377834	8385
97	386219	5955
98	392174	8267
99	400441	26668
100	427109	12008
101	439117	15362
102	454479	40215
103	494694	32908
104	527602	4951
105	532553	15289
106	547842	23279
107	571121	3623
108	574744	2565
109	577309	5105
110	582414	3704
111	586118	3794
112	589912	4824
113	594736	3711
114	598447	3290
115	601737	4541
116	606278	2813
117	609091	4463
118	613554	11832
119	625386	13905
120	639291	3584
121	642875	1707
122	644582	610
123	645192	13925
124	659117	13450
125	672567	7538
126	680105	29570
127	709675	4140
128	713815	2285
129	716100	2732
130	718832	4191
131	723023	8820
132	731843	5431
133	737274	247
134	737521	3288
135	740809	8603
136	749412	2750
137	752162	2402
138	754564	4313
139	758877	1991
140	760868	2688
141	763556	2119
142	765675	1421
143	767096	6601
144	773697	3278
145	776975	21048
146	798023	4878
147	802901	1612
148	804513	7388
149	811901	305
150	812206	36391
151	848597	6016
152	854613	4576
153	859189	5067
154	864256	2890
155	867146	1982
156	869128	10470
157	879598	2323
158	881921	4614
159	886535	7472
160	894007	5647
161	899654	6347
162	906001	5648
163	911649	7720
164	919369	10136
165	929505	11130
166	940635	13458
167	954093	2069
168	956162	896
169	957058	2429
170	959487	1847
171	961334	2741
172	964075	3317
173	967392	2008
174	969400	2383
175	971783	1670
176	973453	2390
177	975843	1684
178	977527	1675
179	979202	1341
180	980543	5119
181	985662	1527
182	987189	3560
183	990749	2318
184	993067	1307
185	994374	3632
186	998006	2159
187	1000165	4701
188	1004866	291
189	1005157	280
190	1005437	291
191	1005728	304
192	1006032	290
193	1006322	308
194	1006630	90
195	1006720	90
196	1006810	253
197	1007063	253
198	1007316	283
199	1007599	242
200	1007841	307
201	1008148	235
202	1008383	244
203	1008627	226
204	1008853	233
205	1009086	247
206	1009333	259
207	1009592	220
208	1009812	220
209	1010032	277
210	1010309	241
211	1010550	203
212	1010753	241
213	1010994	238
214	1011232	268
215	1011500	271
216	1011771	4811
217	1016582	8197
218	1024779	10039
219	1034818	1304
220	1036122	7511
221	1043633	16477
222	1060110	6771
223	1066881	8756
224	1075637	5359
225	1080996	2689
226	1083685	1433
227	1085118	3831
228	1088949	3722
229	1092671	1500
230	1094171	9737
231	1103908	12153
232	1116061	8348
233	1124409	3526
234	1127935	4873
235	1132808	2091
236	1134899	2836
237	1137735	3184
238	1140919	24379
239	1165298	2013
240	1167311	2947
241	1170258	1153
242	1171411	2170
243	1173581	17666
244	1191247	14928
245	1206175	3836
246	1210011	11147
247	1221158	12666
248	1233824	1201
249	1235025	5648
250	1240673	4151
251	1244824	5182
252	1250006	18817
253	1268823	5521
254	1274344	5422
255	1279766	17798
256	1297564	211
257	1297775	216
258	1297991	208
259	1298199	221
260	1298420	235
261	1298655	233
262	1298888	213
263	1299101	235
264	1299336	221
265	1299557	227
266	1299784	4463
267	1304247	11832
268	1316079	13905
269	1329984	3584
270	1333568	1707
271	1335275	610
272	1335885	13925
273	1349810	13450
274	1363260	7538
275	1370798	29570
276	1400368	11129
277	1411497	3373
278	1414870	7828
279	1422698	5370
280	1428068	11547
281	1439615	5221
282	1444836	16196
283	1461032	8039
284	1469071	11435
285	1480506	19992
286	1500498	9239
287	1509737	18433
288	1528170	2258
289	1530428	13022
290	1543450	10751
291	1554201	6981
292	1561182	24114
293	1585296	24087
294	1609383	7381
295	1616764	12595
296	1629359	6378
297	1635737	9972
298	1645709	7905
299	1653614	4344
300	1657958	6784
301	1664742	6238
302	1670980	3198
303	1674178	2555
304	1676733	1586
305	1678319	4020
306	1682339	3260
307	1685599	3848
308	1689447	2989
309	1692436	28746
310	1721182	7252
311	1728434	6270
312	1734704	1765
313	1736469	1800
314	1738269	1544
315	1739813	1225
316	1741038	16357
317	1757395	5335
318	1762730	2311
319	1765041	4284
320	1769325	8604
321	1777929	12567
322	1790496	3007
323	1793503	9141
324	1802644	4458
325	1807102	12617
326	1819719	10190
327	1829909	5420
328	1835329	1959
329	1837288	6974
330	1844262	6441
331	1850703	3945
332	1854648	7844
333	1862492	14085
334	1876577	4552
335	1881129	5640
336	1886769	2125
337	1888894	4168
338	1893062	3897
339	1896959	2859
340	1899818	3130
341	1902948	9388
342	1912336	4569
343	1916905	2885
344	1919790	2381
345	1922171	9637
346	1931808	4701
347	1936509	6062
348	1942571	7133
349	1949704	5267
350	1954971	3594
351	1958565	3731
352	1962296	17363
353	1979659	2397
354	1982056	4428
355	1986484	5855
356	1992339	2495
357	1994834	6475
358	2001309	3576
359	2004885	4918
360	2009803	16104
361	2025907	2573
362	2028480	3205
363	2031685	5185
364	2036870	8957
365	2045827	7047
366	2052874	8783
367	2061657	21618
368	2083275	17851
369	2101126	5381
370	2106507	5083
371	2111590	3956
372	2115546	7029
373	2122575	5860
374	2128435	2695
375	2131130	5040
376	2136170	10050
377	2146220	4490
378	2150710	4634
379	2155344	8057
380	2163401	5598
381	2168999	2398
382	2171397	4461
383	2175858	8179
384	2184037	3923
385	2187960	11533
386	2199493	8880
387	2208373	3941
388	2212314	1901
389	2214215	3984
390	2218199	4396
391	2222595	3485
392	2226080	5497
393	2231577	15794
394	2247371	31767
395	2279138	11796
396	2290934	2816
397	2293750	3535
398	2297285	2194
399	2299479	4108
400	2303587	3571
401	2307158	2482
402	2309640	9570
403	2319210	2622
404	2321832	2927
405	2324759	4144
406	2328903	3559
407	2332462	2897
408	2335359	13620
409	2348979	3387
410	2352366	978
411	2353344	3023
412	2356367	4320
413	2360687	3243
414	2363930	9880
415	2373810	7694
